Binary URL

01101000 01110100 01110100 01110000
01110011 00111010 00101111 00101111
01110010 01100001 01110111 00101110
01100111 01101001 01110100 01101000
01110101 01100010 01110101 01110011
01100100 01110010 01100011 01101111
01101110 01110100 01100101 01101110
01110100 00101110 01100011 01101111
01101101 00101111 01010000 01111001
01001100 01110101 01110101 01110101
00101111 01010010 01100101 01110000
01101111 01010100 01100101 01110011
01110100 01110011 00101111 01101101
01100001 01110011 01110100 01100101
01110010 00101111 01010011 01101111
01100110 01101001 01100001 00101111
01100010 01101001 01101110 01100001
01110010 01111001 01011111 01010011
01101111 01100110 01101001 01100001
